           College  Hamilton   GreatHal    Gino's      Mews     Union    Steers
   College    0         8         13         25         50         59         71 88
   Hamilton   8         0         5         17         42         51         63 80
   GreatHal   13         5         0         12         37         46         58 75
   Gino's     25         17         12         0         25         34         46 63
   Mews       50         42         37         25         0         9         21 38
   Union      59         51         46         34         9         0         12 29
   Steers     71         63         58         46         21         12         0 17
   Athies     88         80         75         63         38         29         17 0
